depth: 3 (1) 
[4, 4, 4, 4, 4, 5, 4, 4, 4, 4, 5, 4, 4, 4, 4, 5, 4, 4, 4]
[7, 6, 6, 8, 6, 19, 6, 5, 7, 5, 6, 6, 6, 6, 6, 6, 7, 6]
[3, 3, 4, 4, 4, 3, 3, 4, 4, 3, 6, 5, 9, 4, 4, 4, 6, 4, 4]
[1, 2, 1, 1, 1, 1, 1, 1, 1, 1, 1, 1, 1, 1, 2, 1, 2, 2]
[8, 6, 5, 8, 7, 5, 17, 5, 5, 7, 6, 5, 7, 6, 5, 5, 5, 7, 6, 6]
[6, 5, 15, 6, 6, 5, 5, 5, 4, 5, 7, 5, 5, 4, 5, 5, 5, 4, 5]
Mean total propagation delay: 4.814159292035399 
 
depth: 3 (2) 
[8, 7, 7, 10, 8, 10, 7, 8, 7, 8, 11, 8, 6, 9, 13, 7, 8, 6, 8]
[14, 22, 12, 11, 9, 14, 9, 10, 12, 9, 11, 22, 12, 9, 11, 12, 9, 8, 14]
[5, 4, 4, 6, 4, 8, 4, 5, 4, 4, 4, 5, 7, 4, 4, 6, 5, 7, 4, 4]
[8, 11, 6, 4, 7, 6, 6, 6, 6, 6, 6, 9, 7, 5, 8, 6, 5, 7]
[7, 6, 7, 7, 7, 6, 7, 7, 9, 7, 5, 6, 7, 7, 6, 8, 8, 8, 8]
[7, 6, 15, 7, 7, 7, 6, 6, 7, 6, 6, 14, 7, 6, 6, 8, 7, 6, 8, 7]
Mean total propagation delay: 7.695652173913044 
 
depth: 3 (3) 
[5, 5, 7, 7, 7, 5, 5, 4, 8, 5, 6, 5, 5, 6, 7, 6, 6, 11, 6]
[12, 10, 8, 13, 12, 10, 9, 11, 16, 11, 10, 13, 11, 8, 11, 9, 12, 10, 9]
[13, 11, 9, 9, 16, 8, 10, 8, 9, 9, 9, 8, 12, 11, 11, 13, 12, 11, 11]
[7, 10, 7, 7, 11, 8, 16, 7, 6, 8, 9, 9, 10, 8, 9, 8, 8, 6, 7, 7]
[8, 7, 8, 8, 7, 6, 6, 7, 7, 6, 8, 8, 6, 11, 6, 10, 15, 9, 10]
Mean total propagation delay: 8.770833333333334 
 
------------------------------------------------------- 
depth: 4 (1) 
[5, 5, 5, 6, 5, 5, 5, 5, 5, 5, 5, 4, 6, 5, 5, 5, 5, 5, 7]
[4, 5, 5, 5, 6, 5, 5, 6, 6, 5, 5, 5, 6, 6, 6, 8, 5, 5, 8, 6]
[5, 4, 6, 4, 4, 3, 4, 4, 5, 4, 5, 4, 5, 5, 5, 3, 5, 4, 4]
[5, 6, 4, 6, 5, 5, 5, 4, 4, 4, 5, 4, 5, 5, 6, 5, 6, 5, 5]
[7, 5, 4, 4, 4, 8, 6, 4, 9, 6, 4, 13, 6, 5, 4, 4, 6, 6, 8]
Mean total propagation delay: 5.208333333333333 
 
depth: 4 (2) 
[15, 13, 15, 11, 13, 12, 13, 13, 15, 12, 16, 14, 15, 11, 16, 15, 19]
[5, 5, 5, 4, 8, 6, 6, 5, 5, 8, 5, 5, 5, 5, 5, 5, 7, 4, 5, 6]
[14, 11, 10, 15, 14, 13, 13, 13, 13, 13, 14, 13, 12, 11, 13, 11, 12, 14, 10]
[16, 14, 18, 17, 11, 11, 16, 10, 14, 12, 12, 12, 11, 14, 13, 11, 12, 12, 17, 13]
[10, 13, 13, 13, 12, 10, 9, 9, 13, 10, 11, 13, 18, 9, 10, 12, 11, 11]
[5, 6, 5, 8, 5, 4, 6, 7, 5, 5, 6, 4, 4, 5, 4, 4, 6, 5, 6, 5]
[9, 8, 7, 7, 8, 6, 11, 8, 10, 8, 7, 21, 7, 7, 10, 7, 11, 6, 7]
[1, 1, 1, 1, 2, 1, 2, 1, 1, 1, 1, 1, 2, 2, 1, 1, 1, 2, 1]
Mean total propagation delay: 8.901315789473685 
 
depth: 4 (3) 
[8, 10, 10, 11, 9, 9, 8, 14, 7, 11, 9, 10, 8, 9, 9, 13, 8, 10, 12, 12]
[4, 4, 4, 4, 5, 6, 5, 5, 4, 6, 4, 4, 4, 4, 4, 4, 4]
'\t\t\b\b\v\n\b\n\b\t\a\b\t\a\f\b\t\n\b\a'
[9, 7, 11, 9, 7, 6, 8, 6, 9, 5, 9, 5, 7, 5, 8, 7, 7, 6]
[3, 4, 4, 4, 5, 3, 3, 3, 5, 4, 5, 3, 5, 4, 4, 4, 4, 4, 37]
[8, 7, 12, 6, 7, 7, 6, 8, 13, 8, 7, 6, 6, 10, 8, 7, 7, 5]
[1, 1, 1, 1, 1, 1, 1, 1, 1, 1, 1, 1, 1, 1, 1, 1, 2, 1, 1, 1]
Mean total propagation delay: 6.401515151515151 
 
------------------------------------------------------- 
depth: 10 (1) 
[29, 33, 32, 42, 27, 25, 36, 27, 32, 26, 33, 34, 37, 31, 30, 27, 27, 29, 45, 31]
[22, 19, 39, 18, 21, 22, 20, 18, 18, 26, 20, 19, 25, 20, 26, 19, 27, 20]
[5, 5, 5, 6, 6, 5, 5, 5, 4, 5, 5, 5, 6, 5, 5, 7, 4, 5, 5]
[20, 29, 31, 25, 25, 32, 26, 26, 22, 27, 27, 25, 26, 26, 25, 27, 23, 27, 23, 23]
[21, 19, 19, 17, 22, 39, 17, 20, 22, 17, 19, 16, 20, 20, 20, 19, 21, 18, 18]
[4, 4, 3, 6, 4, 5, 3, 3, 4, 4, 3, 3, 4, 5, 4, 4, 4, 4]
[4, 4, 7, 4, 7, 4, 6, 4, 5, 4, 4, 4, 4, 5, 4, 4, 8, 4]
Mean total propagation delay: 16.560606060606062 
 
depth: 10 (2) 
[13, 8, 9, 11, 9, 10, 25, 8, 9, 11, 8, 8, 9, 9, 9, 8, 7, 9, 10]
'11/*,#\')#,D&\'*&&13'
[9, 10, 13, 9, 9, 10, 10, 9, 11, 25, 9, 14, 8, 10, 12, 11, 11, 11]
'#+4).2.((653\'*\'/343'
[14, 11, 11, 10, 12, 8, 12, 9, 10, 10, 9, 9, 11, 17, 11, 11, 9, 11, 12]
[53, 30, 33, 35, 38, 43, 39, 31, 56, 40, 35, 37, 36, 38, 33, 32, 32, 43, 36]
[7, 14, 6, 7, 8, 7, 8, 8, 6, 7, 6, 7, 9, 12, 6, 8, 8, 8, 7, 8]
'(+)*.(-/\'..&1--4#+'
Mean total propagation delay: 26.113333333333333 
 
depth: 10 (3) 
[37, 28, 36, 30, 32, 40, 38, 41, 36, 35, 39, 33, 32, 29, 32, 30, 32, 30, 33]
[5, 5, 6, 5, 5, 7, 6, 7, 4, 6, 5, 5, 5, 6, 6, 7, 5, 5, 6]
[4, 5, 6, 5, 6, 5, 7, 7, 6, 5, 6, 5, 5, 5, 5, 6, 5, 6, 5, 5]
[6, 7, 8, 5, 5, 6, 5, 7, 10, 9, 6, 8, 8, 9, 7, 6, 7, 16, 6, 5]
[27, 26, 28, 27, 29, 29, 28, 32, 34, 30, 23, 26, 24, 31, 26, 26, 28, 28, 25]
[4, 3, 4, 4, 4, 3, 4, 6, 6, 3, 5, 4, 4, 4, 4, 3, 4, 5]
Mean total propagation delay: 13.956521739130435 
 
------------------------------------------------------- 
depth: 20 (1) 
[136, 302, 301, 205, 430, 169, 173, 325, 151, 238, 255, 188, 293, 273, 312, 254, 234, 293]
[64, 193, 178, 296, 584, 224, 515, 369, 343, 291, 409, 355, 227, 246, 222, 212, 187]
[57, 610, 586, 671, 852, 692, 529, 563, 910, 580, 496, 562, 495, 675, 577, 600, 763, 751, 919, 689]
[313, 530, 483, 687, 667, 728, 609, 688, 711, 554, 634, 340, 506, 622, 497, 760, 632, 830]
[33, 457, 202, 213, 231, 247, 147, 86, 186, 238, 141, 215, 136, 242, 203, 234, 325, 237, 235]
[601, 582, 638, 774, 762, 604, 596, 712, 550, 747, 682, 710, 651, 570, 524, 740, 675, 583]
[27, 257, 234, 336, 316, 197, 172, 217, 238, 262, 42, 89, 186, 125, 407, 324, 360, 296]
[296, 444, 483, 534, 676, 645, 525, 705, 484, 384, 606, 636, 597, 578, 648, 706, 794, 506]
[70, 30, 26, 50, 174, 72, 58, 153, 113, 61, 197, 23, 120, 134, 178, 146, 104, 11]
[33, 194, 456, 571, 334, 236, 483, 494, 357, 180, 248, 215, 322, 413, 329, 478, 326, 309]
Mean total propagation delay: 387.65934065934067 
 
depth: 20 (2) 
[508, 489, 405, 382, 302, 216, 333, 251, 276, 205, 239, 185, 812, 194, 185, 366, 294]
[127, 89, 160, 349, 363, 255, 179, 365, 268, 134, 159, 239, 272, 205, 219, 250, 314, 277, 183]
[71, 44, 47, 51, 126, 71, 148, 135, 197, 42, 61, 44, 47, 122, 157, 133, 111, 170]
[54, 259, 338, 409, 297, 179, 333, 387, 376, 234, 354, 378, 281, 838, 191, 265, 261, 318]
[126, 429, 229, 242, 186, 194, 229, 249, 269, 247, 210, 526, 191, 506, 258, 322, 187, 205]
[178, 462, 267, 424, 196, 354, 299, 275, 187, 228, 219, 528, 267, 771, 201, 322, 165, 392]
[317, 403, 163, 312, 184, 366, 399, 340, 334, 267, 297, 257, 215, 807, 165, 160, 298, 173, 218]
[234, 356, 531, 367, 429, 334, 263, 391, 377, 317, 282, 221, 221, 241, 363, 223, 416, 204]
Mean total propagation delay: 272.848275862069 
 
depth: 20 (3) 
[110, 120, 84, 120, 136, 160, 249, 145, 369, 96, 106, 91, 89, 91, 294, 95, 114, 91]
[181, 114, 159, 230, 135, 83, 157, 143, 132, 318, 236, 183, 236, 145, 162, 222, 178, 100]
[231, 216, 209, 175, 166, 254, 284, 326, 287, 227, 240, 142, 317, 217, 199, 331, 329, 190, 226]
[248, 195, 196, 299, 202, 278, 340, 302, 318, 261, 208, 227, 308, 215, 293, 168, 182, 195, 392]
[44, 201, 154, 139, 187, 98, 153, 253, 318, 96, 144, 82, 90, 147, 100, 98, 110, 124, 95, 321]
[156, 291, 208, 233, 277, 220, 285, 275, 379, 337, 277, 221, 333, 274, 311, 273, 277, 307, 282]
[165, 135, 142, 79, 223, 160, 230, 308, 368, 203, 217, 119, 111, 84, 86, 112, 122, 167, 321]
[131, 59, 160, 49, 34, 31, 38, 39, 40, 147, 127, 39, 128, 134, 90, 146, 73, 47]
[5, 14, 4, 4, 4, 7, 59, 33, 25, 14, 31, 12, 25, 4, 9, 4, 8, 4, 12]
Mean total propagation delay: 167.92307692307693 
 
------------------------------------------------------- 
sigsperlvl: 1 (1) 
[4, 5, 4, 4, 4, 4, 4, 4, 4, 6, 4, 5, 5, 4, 4, 5, 4, 4, 4]
[7, 7, 6, 6, 7, 6, 6, 6, 6, 6, 6, 7, 6, 6, 6, 6, 8, 6]
[6, 6, 6, 5, 6, 8, 7, 7, 5, 6, 5, 5, 7, 5, 6, 6, 6, 6, 6]
[5, 4, 4, 4, 4, 5, 7, 4, 4, 6, 4, 5, 5, 4, 4, 4, 5, 4, 4]
[3, 4, 4, 5, 4, 5, 6, 5, 4, 3, 4, 4, 4, 4, 4, 4, 3, 3, 4]
Mean total propagation delay: 5.031914893617022 
 
sigsperlvl: 1 (2) 
[6, 6, 5, 8, 5, 6, 5, 5, 6, 5, 6, 6, 5, 5, 7, 5, 5, 7, 8]
[12, 12, 12, 13, 13, 12, 12, 13, 14, 12, 12, 12, 11, 14, 10, 14, 13, 16, 13]
[5, 9, 4, 4, 6, 4, 4, 4, 4, 4, 5, 4, 4, 5, 4, 4, 5, 5, 4]
[6, 9, 7, 7, 7, 6, 6, 6, 6, 6, 8, 7, 6, 7, 8, 9, 6, 8, 7, 8]
[5, 6, 4, 4, 4, 4, 5, 4, 4, 6, 4, 4, 6, 4, 4, 4, 4, 4, 6, 4]
[9, 7, 8, 9, 8, 8, 7, 7, 7, 10, 8, 7, 6, 6, 7, 9, 8, 7, 7]
Mean total propagation delay: 7.017241379310345 
 
sigsperlvl: 1 (3) 
[5, 5, 8, 6, 5, 5, 6, 5, 6, 5, 7, 6, 5, 5, 6, 5, 7, 5, 6, 6]
[4, 4, 4, 4, 4, 4, 4, 4, 5, 3, 4, 4, 3, 5, 4, 4, 4, 4, 3, 4]
Mean total propagation delay: 4.825 
 
------------------------------------------------------- 
sigsperlvl: 5 (1) 
[29, 29, 31, 30, 29, 28, 27, 37, 33, 32, 30, 26, 20, 39, 30, 32, 32, 29]
[5, 4, 5, 4, 5, 6, 4, 4, 9, 7, 4, 5, 5, 5, 5, 5, 5, 5, 10, 5]
[29, 31, 36, 33, 32, 49, 32, 38, 54, 33, 33, 42, 47, 38, 43, 33, 36, 37, 42]
[4, 7, 5, 4, 4, 4, 4, 4, 6, 5, 4, 5, 4, 13, 10, 4, 5, 9, 5]
[17, 24, 23, 22, 48, 20, 14, 43, 19, 22, 19, 22, 23, 19, 25, 17, 18, 21, 19]
[24, 23, 27, 18, 23, 26, 21, 41, 25, 26, 24, 25, 24, 22, 21, 27, 22, 21]
[28, 27, 29, 31, 32, 28, 32, 36, 33, 31, 31, 25, 32, 43, 35, 33, 30, 37, 28]
[22, 24, 24, 18, 27, 22, 25, 19, 26, 22, 22, 21, 23, 30, 34, 26, 24, 22, 23]
[11, 10, 10, 12, 15, 14, 10, 21, 17, 15, 14, 11, 9, 17, 10, 11, 11, 11, 12]
Mean total propagation delay: 21.441176470588236 
 
sigsperlvl: 5 (2) 
[8, 7, 7, 11, 9, 9, 7, 8, 10, 8, 9, 8, 7, 6, 22, 8, 8, 10, 7]
'\t\b\a\n\t\a\b\t\r\a\a\r\b\t\a\t\n\b\b'
[5, 8, 4, 5, 6, 5, 5, 5, 5, 5, 5, 7, 7, 5, 5, 9, 7, 6, 5]
[4, 5, 4, 4, 5, 5, 5, 4, 4, 5, 5, 6, 5, 4, 5, 5, 5, 5, 4]
[6, 7, 7, 7, 9, 5, 4, 9, 4, 6, 5, 6, 5, 5, 9, 5, 5, 4, 4, 7]
[5, 5, 4, 5, 6, 5, 5, 15, 5, 7, 4, 4, 4, 5, 7, 5, 4, 8, 5]
[13, 9, 11, 10, 10, 9, 9, 6, 9, 8, 11, 9, 10, 8, 7, 14, 8, 6]
[7, 6, 10, 7, 7, 8, 6, 9, 8, 8, 7, 7, 7, 7, 8, 7, 7, 12, 6]
[13, 23, 17, 16, 20, 17, 16, 15, 14, 17, 20, 20, 16, 21, 24, 15, 16, 13, 15]
[8, 6, 10, 6, 6, 9, 6, 8, 6, 10, 7, 8, 7, 8, 8, 6, 12, 7, 6]
Mean total propagation delay: 8.121052631578948 
 
sigsperlvl: 5 (3) 
[11, 12, 14, 13, 8, 13, 11, 12, 10, 11, 11, 8, 12, 11, 15, 12, 12, 9]
[26, 17, 23, 21, 29, 26, 21, 21, 19, 22, 19, 24, 24, 34, 27, 24, 28, 22, 26]
[25, 30, 24, 19, 24, 23, 28, 29, 33, 23, 20, 24, 18, 25, 29, 25, 40, 27, 23, 19]
[19, 26, 18, 30, 23, 26, 18, 19, 21, 22, 21, 21, 23, 24, 20, 39, 31, 20, 24]
[35, 21, 30, 31, 34, 26, 30, 34, 30, 43, 27, 34, 27, 33, 30, 25, 39, 31, 31]
[7, 10, 15, 8, 9, 6, 7, 6, 10, 8, 7, 16, 16, 9, 11, 7, 8, 7]
[15, 18, 14, 19, 10, 15, 14, 14, 15, 17, 17, 14, 10, 11, 20, 14, 23, 12, 27]
[5, 21, 5, 4, 11, 5, 6, 5, 7, 4, 5, 4, 5, 5, 6, 5, 7, 6, 5]
[26, 24, 28, 27, 20, 25, 27, 28, 30, 22, 25, 24, 29, 27, 30, 22, 28, 30, 26, 33]
[9, 14, 10, 9, 7, 14, 14, 20, 17, 13, 11, 14, 12, 14, 12, 11, 18]
Mean total propagation delay: 18.824468085106382 
 
------------------------------------------------------- 
sigsperlvl: 10 (1) 
'6704=4;JC@>;6<9237I'
[31, 47, 36, 31, 33, 45, 33, 41, 29, 30, 32, 28, 22, 30, 47, 30, 26, 25, 56]
[32, 51, 22, 35, 33, 37, 36, 43, 49, 32, 22, 26, 29, 33, 22, 26, 31, 30, 57]
[25, 24, 27, 27, 23, 24, 27, 81, 27, 23, 20, 27, 36, 24, 30, 19, 21, 34]
[14, 21, 18, 19, 46, 15, 13, 14, 36, 13, 11, 13, 21, 13, 13, 15, 14, 17, 15, 12]
[28, 29, 30, 29, 25, 35, 51, 30, 34, 38, 28, 28, 28, 30, 36, 22, 24, 36, 27]
[27, 27, 41, 25, 24, 21, 45, 31, 22, 24, 23, 22, 26, 21, 20, 27, 31, 20, 27]
[26, 26, 25, 24, 42, 28, 26, 28, 39, 41, 28, 25, 23, 23, 21, 30, 27, 26, 23]
[37, 34, 28, 52, 42, 29, 40, 46, 95, 161, 42, 31, 40, 40, 53, 30, 25, 53]
[4, 4, 9, 14, 5, 10, 5, 3, 3, 4, 4, 5, 5, 9, 4, 4, 8, 6, 4]
Mean total propagation delay: 31.15343915343915 
 
sigsperlvl: 10 (2) 
[39, 30, 42, 31, 30, 39, 40, 26, 26, 39, 33, 47, 30, 41, 35, 30, 24, 26, 32, 30]
[25, 42, 41, 32, 36, 35, 28, 56, 30, 32, 30, 30, 33, 27, 31, 38, 33, 33]
[5, 5, 7, 4, 12, 5, 4, 5, 5, 4, 8, 6, 14, 8, 5, 6, 7, 23, 10]
'\t\a\t\t\n\b\v\t\t\b\t\a\b\t\t\a\b\r'
[39, 36, 32, 29, 29, 30, 33, 40, 40, 31, 57, 47, 41, 53, 27, 31, 43]
[32, 34, 31, 51, 30, 34, 35, 34, 35, 41, 46, 45, 50, 37, 45, 39, 32, 52, 38, 48]
[21, 22, 27, 21, 33, 22, 17, 17, 18, 18, 27, 25, 24, 38, 23, 22, 23, 26, 22]
[15, 20, 21, 21, 23, 20, 18, 23, 19, 35, 25, 24, 20, 18, 18, 18, 22, 18]
[17, 34, 25, 21, 25, 31, 19, 24, 21, 22, 16, 21, 25, 23, 28, 37, 19, 52]
[55, 46, 67, 64, 176, 55, 50, 67, 48, 74, 70, 64, 68, 51, 61, 71, 80, 61, 75]
Mean total propagation delay: 30.096774193548388 
 
sigsperlvl: 10 (3) 
[11, 10, 12, 16, 22, 10, 35, 28, 14, 11, 10, 11, 12, 11, 11, 10, 9, 33, 12]
[26, 39, 32, 34, 42, 33, 38, 32, 34, 40, 33, 37, 33, 28, 32, 28, 32, 48, 34]
[27, 29, 26, 26, 24, 28, 21, 28, 29, 20, 25, 26, 27, 26, 25, 21, 37, 31, 22]
[36, 36, 38, 31, 35, 31, 37, 41, 33, 53, 35, 44, 37, 30, 29, 33, 35, 41, 31]
[30, 25, 35, 28, 22, 29, 25, 26, 28, 34, 23, 26, 23, 25, 27, 21, 32, 29]
[20, 23, 17, 18, 23, 14, 19, 18, 32, 24, 16, 19, 28, 17, 22, 17, 24, 22, 16]
[26, 29, 27, 32, 19, 20, 20, 20, 28, 28, 23, 25, 20, 22, 22, 29, 20, 22]
[10, 7, 6, 6, 7, 5, 8, 7, 8, 11, 21, 8, 7, 6, 10, 18, 6, 6, 5]
[18, 36, 23, 26, 29, 35, 27, 35, 32, 27, 26, 30, 38, 24, 29, 25, 34, 29, 32, 30]
[30, 37, 34, 32, 36, 31, 39, 32, 39, 38, 26, 34, 21, 31, 31, 39, 25, 44, 28]
Mean total propagation delay: 25.44973544973545 
 
------------------------------------------------------- 
sigsperlvl: 20 (1) 
[26, 27, 26, 35, 27, 25, 38, 75, 29, 28, 48, 31, 31, 24, 22, 58, 27, 36]
[29, 46, 21, 30, 25, 55, 24, 26, 25, 24, 23, 77, 22, 18, 58, 24, 30, 31, 19]
'B@:D:?NB<UL97D38@C'
[46, 25, 19, 24, 27, 21, 46, 50, 22, 25, 22, 21, 20, 25, 27, 18, 25, 87]
[20, 25, 39, 40, 36, 34, 22, 25, 29, 27, 28, 53, 32, 35, 35, 32, 21, 72, 26]
[14, 31, 16, 18, 16, 15, 16, 26, 21, 20, 21, 17, 28, 16, 14, 15, 24, 82, 67]
[27, 32, 50, 26, 22, 35, 25, 25, 19, 29, 31, 27, 44, 25, 23, 28, 24, 34, 48]
'/6\\0IH@9:3OM5B93E;A'
[26, 21, 25, 29, 71, 60, 27, 26, 28, 27, 28, 43, 20, 19, 28, 25, 25, 24]
'EL=`42bV;8=6C9A7KB6'
Mean total propagation delay: 40.93010752688172 
 
